0.029607058
0.011340141
0.073630095
0.006940126
0.010898113
0.006465197
0.008291245
0.002925158
0.006144047
0.017114162
0.010346889
0.005886078
0.002508879
0.141682148
0.008949041
0.009238005
0.004304171
0.004166126
0.003681898
0.005846024
0.003108978
0.011534214
0.005736113
0.010447025
0.004993916
0.004104853
0.009139299
0.005188942
0.003834724
0.013978958
0.023684978
0.003912926
0.007759809
0.002535105
0.005228043
0.004155874
0.003781796
0.015889883
0.003929138
0.011336088
0.003832102
0.009667158
0.010719299
0.007359028
0.009440899
0.011801004
0.003818989
0.007911921
0.006108999
0.003238201
0.004069805
0.002251863
0.006312132
0.007009029
0.002843142
0.011627913
0.002309799
0.012668133
0.007279873
0.011371136
0.012570143
0.005064011
0.013408184
0.005707979
0.010251045
0.014201880
0.005707741
0.008026838
0.006479263
0.015302896
0.003982782
0.003998280
0.004301071
0.004838943
0.011232853
0.010213137
0.003917933
0.010283947
0.007574081
0.007289886
0.004105091
0.034586906
0.002695799
0.003416061
0.005104065
0.005805016
0.012116909
0.003184080
0.004549026
0.005694151
0.005219221
0.002604961
0.005426884
0.006505013
0.003515244
0.002558947
0.005485058
0.008751869
0.004857063
0.005120993
0.003484011
0.006364822
0.008379698
0.007552862
0.005126715
0.011416912
0.003328085
0.005221128
0.003441334
0.004146814
0.003757954
0.013687849
0.013352871
0.006666899
0.014407158
0.223131895
0.008849144
0.002884865
0.008876801
41.511224985
0.002815962
0.003210068
0.025290966
0.036808252
0.008382082
0.003610134
0.003717899
0.003677130
0.002992868
0.004045010
0.002340078
0.009886265
0.002358913
0.006814957
0.007630110
0.003214836
0.007658958
0.003441095
0.002815008
0.003356934
0.003864050
0.002367020
0.003252029
0.006031990
0.009128094
0.008141994
0.006796122
0.003202915
0.003308773
0.003300905
0.003341675
0.006672859
0.007267952
0.005873919
0.003311157
0.007424116
0.007869959
0.002951860
0.003269196
0.020103931
0.003951073
0.004776955
0.002569914
0.003612041
0.004472971
0.003082037
0.007309914
0.003776073
0.003222227
0.004279137
0.003506184
0.003774881
0.010272026
0.012740850
0.002712250
0.007137775
0.003160000
0.003649950
0.002578259
0.003447771
0.003731966
0.012231350
0.004930735
0.004836798
0.007066250
0.002811909
0.116599798
0.385605097
0.061247826
143.437679052
0.002933025
0.002504826
0.003024101
0.003983736
0.003144026
148.670205116
0.016344786
0.003227949
0.002504110
0.010749817
0.003252983
0.079584837
0.004434824
0.006224871
0.002930880
4.610222816
0.006311893
0.002413273
0.004695654
3.708260298
0.006304979
0.008967876
0.001917124
4.500212908
0.005099058
0.005776167
0.006659031
380.610230923
0.017206907
0.002461910
0.002018690
0.001893044
0.002348900
0.002975941
0.003066778
0.004405022
0.041352272
0.021053076
0.003403902
0.421147108
0.005762100
8.293810129
0.014273882
0.005608082
0.002171993
2.950113773
0.009861946
3.071784019
0.004316807
0.009119034
0.002943993
3.085062265
0.005630970
2.983254194
0.004307747
0.003761053
0.002058983
0.003676891
0.013572216
0.003730059
0.008061171
0.002965927
0.006668806
0.001991034
0.005977154
0.002126217
231.776306152
0.003563166
0.002381802
0.002506971
0.006659985
0.003559113
0.003030062
0.004616976
0.007503748
0.004829884
0.003146887
0.004811049
0.010689974
0.002404690
0.009684086
0.003533125
0.003321648
0.006520987
0.004944801
0.003455877
0.003073931
0.002442837
0.014154911
0.005242109
0.008997202
0.003679037
0.003915071
0.004384995
0.007481098
0.010754108
0.004319906
0.004347086
0.005099058
0.014913082
0.003926992
0.004064083
0.010462999
0.003957033
0.002263069
0.004712343
0.002962828
0.003204107
0.003113270
0.003453970
0.003506899
0.002864838
0.002887964
0.010986090
0.003965855
0.009814739
0.004055023
0.002415895
0.021806002
0.013849974
0.006933928
0.003913879
0.004208803
0.007180929
0.002554178
0.037628889
0.008471012
0.002404213
0.008424044
0.013616800
0.002660036
0.005209684
0.003341913
0.006960869
0.003870964
0.005620956
0.007812262
0.007607937
103.925718069
0.002746820
0.002420902
0.014248848
0.039877176
0.003782034
0.006165028
0.002188921
0.002624035
0.018320084
0.013968945
0.016113281
0.006098270
0.041575909
0.004095078
0.005490065
228.897393703
103.276851892
0.004713058
0.006564140
0.006535053
0.003692150
0.002043247
118.306289196
0.007509947
0.003329992
0.002690792
0.004806757
0.003005981
0.002063990
0.005730867
0.004987240
0.002411842
0.003369093
0.002399921
0.005676031
0.004834890
0.004481077
0.005688190
0.006343842
0.009538651
0.003627062
0.002044916
0.002454996
0.002123117
0.003788948
0.007530928
0.002543926
0.008132219
0.003860950
0.004076958
0.002714157
0.002681017
0.004341841
0.002600908
0.006973982
0.003183842
0.005151987
0.002058029
0.002480984
0.010789871
0.005803823
0.002154112
0.003163099
0.003663778
0.003227949
0.005839825
0.002116919
0.003974915
0.002152205
0.005935669
0.004180908
0.008784056
0.002095938
0.003041983
0.003239155
0.002849102
0.005306005
0.002232075
0.002030134
0.004184961
0.004093170
0.003761053
0.003749132
0.002112627
0.002885103
0.002724171
0.006029844
0.007436037
